odict_items([('conv1.weight', tensor([[[[ 0.0649,  0.0519,  0.0119, -0.0841,  0.0556],
          [-0.0416,  0.0185, -0.0483, -0.0418, -0.0643],
          [ 0.0731,  0.0271,  0.0905,  0.0894,  0.0937],
          [-0.0751, -0.0908,  0.0547, -0.0876,  0.1109],
          [ 0.0471,  0.1035, -0.0527, -0.0070,  0.0934]],

         [[ 0.0831,  0.0846,  0.1068,  0.0348,  0.1062],
          [ 0.0503,  0.0430, -0.1113, -0.1117, -0.0795],
          [-0.0823, -0.0455,  0.0592,  0.0863,  0.0883],
          [ 0.0622,  0.0900,  0.0499, -0.0053,  0.0478],
          [ 0.1053, -0.0688, -0.0879,  0.1070,  0.1053]],

         [[-0.0539, -0.0195,  0.1002,  0.0965, -0.0914],
          [ 0.0209, -0.0377,  0.0297,  0.0991,  0.0695],
          [ 0.0827,  0.1063, -0.0904,  0.0115, -0.0963],
          [-0.0411, -0.0743,  0.0182, -0.0973, -0.0023],
          [ 0.0626,  0.0375,  0.0933,  0.0330, -0.0676]]],


        [[[-0.0858,  0.0561, -0.0093,  0.0987,  0.0332],
          [-0.0778,  0.0944,  0.0324, -0.0800,  0.0490],
          [-0.0605,  0.0099,  0.0282, -0.0843, -0.1124],
          [ 0.0722,  0.0246,  0.0751,  0.0873, -0.1103],
          [ 0.0445, -0.0709,  0.0911, -0.1131,  0.1117]],

         [[ 0.0160,  0.0227, -0.0505, -0.0509, -0.0637],
          [ 0.0963,  0.0478, -0.0044,  0.0716, -0.0478],
          [ 0.0714, -0.0826,  0.0782, -0.0928,  0.0284],
          [ 0.0493,  0.0937,  0.0406, -0.0389, -0.0631],
          [ 0.0598, -0.0914, -0.1066,  0.0861,  0.0298]],

         [[ 0.0210,  0.0713, -0.0612,  0.0652,  0.0654],
          [-0.0040,  0.0229,  0.0093, -0.0864,  0.0254],
          [ 0.0124, -0.0388,  0.0737,  0.1015, -0.0919],
          [-0.0042,  0.0058,  0.0884, -0.0139, -0.0370],
          [-0.0362,  0.0444,  0.0456, -0.0800,  0.0193]]],


        [[[-0.0042,  0.0547, -0.0500, -0.1074, -0.0966],
          [-0.1154, -0.0486,  0.0387, -0.0293, -0.0976],
          [ 0.0019,  0.1133,  0.0592, -0.0766,  0.0989],
          [-0.0136, -0.0029,  0.1137,  0.0417, -0.0159],
          [ 0.0428,  0.0102, -0.0425, -0.0111,  0.0527]],

         [[ 0.0612,  0.0781, -0.0859, -0.0840,  0.1043],
          [-0.0589,  0.1046,  0.0560,  0.0298,  0.1066],
          [ 0.0854, -0.0843,  0.0129, -0.0537,  0.0330],
          [ 0.0025,  0.0469, -0.0099, -0.0528,  0.0727],
          [-0.0253,  0.0647,  0.0684, -0.0600, -0.0331]],

         [[ 0.0316,  0.0097, -0.0837, -0.0716,  0.0928],
          [ 0.0442, -0.0843,  0.0237, -0.0294, -0.0982],
          [-0.0939,  0.0383, -0.0025, -0.0413,  0.0210],
          [-0.0967,  0.0488, -0.0481, -0.1144, -0.0657],
          [-0.0530, -0.0887,  0.0034,  0.0807,  0.0996]]],


        [[[-0.0224, -0.0428,  0.0040,  0.0201,  0.0571],
          [-0.1079, -0.0007, -0.0633, -0.0689,  0.0457],
          [ 0.0137,  0.0011, -0.0533, -0.0673, -0.0307],
          [ 0.0465, -0.1123, -0.1012,  0.0384,  0.0671],
          [-0.1044, -0.0440, -0.0938,  0.0028, -0.0051]],

         [[ 0.0947, -0.0255, -0.0013,  0.0431,  0.0199],
          [-0.0201, -0.0679, -0.1012,  0.0643, -0.1049],
          [-0.0873,  0.0877,  0.0728,  0.0059,  0.0560],
          [ 0.0446,  0.0475,  0.0281, -0.0068, -0.0641],
          [ 0.0166, -0.0261, -0.0898, -0.1082,  0.0541]],

         [[ 0.0791,  0.0076, -0.0054, -0.0196, -0.0107],
          [-0.0704,  0.0759, -0.0537,  0.0369, -0.0913],
          [-0.0441, -0.0660,  0.0611,  0.0974, -0.0803],
          [ 0.0825,  0.0989,  0.0062, -0.0738, -0.1100],
          [-0.0002,  0.0670,  0.0753,  0.0711, -0.0965]]],


        [[[-0.1063, -0.0760, -0.0961, -0.0115,  0.0915],
          [-0.0855,  0.0053,  0.0149, -0.0074, -0.0253],
          [-0.0713,  0.0455, -0.0338,  0.0685,  0.0079],
          [-0.0807, -0.0856, -0.0247,  0.0900, -0.0831],
          [ 0.0814,  0.0388,  0.1152, -0.0896, -0.0707]],

         [[ 0.0886,  0.0972,  0.0773, -0.0295, -0.0374],
          [ 0.0920, -0.1070, -0.0066, -0.0064, -0.0046],
          [-0.0114, -0.1145,  0.0444,  0.0621,  0.0726],
          [ 0.0686, -0.0236, -0.0170,  0.0542, -0.0530],
          [-0.0203,  0.0682, -0.0510, -0.0379,  0.0764]],

         [[-0.0132, -0.0662,  0.0465,  0.0632, -0.0985],
          [ 0.0019, -0.1074,  0.0662, -0.0038,  0.0412],
          [-0.0390,  0.1039,  0.0354,  0.0661, -0.0340],
          [ 0.0759,  0.0239,  0.0168, -0.0472,  0.0937],
          [ 0.1083,  0.0407, -0.0615, -0.0139, -0.0573]]],


        [[[-0.0852, -0.0139, -0.0751,  0.0856, -0.0934],
          [ 0.0053, -0.0353,  0.0150,  0.0085,  0.0928],
          [ 0.0080,  0.0939,  0.0623,  0.0553,  0.0521],
          [ 0.0138, -0.0931,  0.0042, -0.0789, -0.0727],
          [ 0.0365, -0.0895,  0.0728,  0.0391,  0.0379]],

         [[-0.0158, -0.0620,  0.0195,  0.0300,  0.0519],
          [-0.0261,  0.0563,  0.0685,  0.0308,  0.0902],
          [-0.0151, -0.0204, -0.0243,  0.0591, -0.0871],
          [ 0.1091, -0.1060,  0.0485, -0.0536, -0.0939],
          [ 0.0834, -0.0302,  0.0076, -0.0532,  0.0211]],

         [[ 0.1066, -0.0003,  0.1119, -0.0724, -0.0374],
          [-0.1005,  0.0412, -0.0639,  0.0916, -0.1131],
          [-0.0197, -0.0804, -0.0165,  0.0140,  0.1039],
          [ 0.0059,  0.0270, -0.0194, -0.1010, -0.1015],
          [ 0.0066, -0.0933, -0.0490,  0.0272,  0.0199]]]])), ('conv1.bias', tensor([ 0.0220, -0.0859,  0.0187, -0.0680, -0.1021,  0.0695])), ('conv2.weight', tensor([[[[ 5.6365e-02,  4.3201e-02,  2.1350e-02,  7.6314e-02,  5.2815e-02],
          [ 3.6580e-02,  7.1639e-02,  2.3094e-03, -5.5200e-02, -4.0847e-02],
          [ 8.8782e-03, -3.4385e-02, -5.4405e-02,  1.2105e-02, -4.9905e-02],
          [-3.5820e-02, -3.7322e-02, -3.8978e-02, -1.3587e-03, -5.3633e-02],
          [-8.0500e-02,  7.2039e-02, -7.9862e-02,  2.8408e-03,  3.4697e-02]],

         [[ 4.2133e-02, -6.6707e-02, -6.4680e-02, -6.0893e-02,  1.8801e-02],
          [-1.2267e-03, -6.5195e-03,  2.1659e-02, -4.7618e-04,  3.3206e-02],
          [ 6.5292e-02, -4.4461e-02,  3.4923e-02, -7.6608e-02,  3.5150e-02],
          [-3.8229e-02,  7.3478e-02,  4.1005e-02,  1.9128e-02,  3.9554e-02],
          [-2.2221e-02,  6.0672e-02, -5.7145e-02, -2.2335e-02,  4.2743e-02]],

         [[-9.2962e-04,  4.7981e-02, -4.8977e-02, -3.6129e-02,  6.9904e-02],
          [ 7.3047e-02,  3.4854e-03, -2.6109e-03,  1.3112e-02,  7.4744e-02],
          [ 2.5186e-02, -2.2545e-03, -1.3751e-02,  3.9723e-02,  2.8224e-02],
          [-6.9646e-02, -6.3461e-02, -7.5439e-02,  5.3586e-02,  5.3175e-02],
          [-4.5910e-02,  6.1409e-02, -7.1618e-02,  7.0475e-02,  4.9729e-02]],

         [[-3.5879e-02, -2.7705e-02,  6.9359e-02,  7.5087e-02, -5.7441e-02],
          [ 1.0630e-02, -7.9329e-02, -8.0857e-02, -2.8298e-03,  5.4933e-02],
          [-2.4905e-02, -2.9293e-02,  4.9000e-02,  5.4951e-02, -2.7384e-02],
          [ 5.4790e-02, -3.1032e-02,  8.1202e-02, -6.2508e-02, -5.3150e-02],
          [-7.6486e-02, -7.4246e-02, -1.0468e-02, -1.9748e-02, -2.7698e-02]],

         [[ 7.5077e-02, -3.5053e-02, -5.8988e-03,  6.6770e-02, -3.4107e-02],
          [-1.8730e-02, -1.8447e-02,  5.1537e-02,  5.9141e-02,  3.2969e-02],
          [-6.5862e-02, -5.1842e-02,  3.4221e-02, -1.3273e-02,  4.8494e-02],
          [ 7.3686e-02, -7.5506e-02,  2.6331e-02, -1.2058e-02, -2.4804e-02],
          [-7.9837e-02,  6.4592e-02,  6.4342e-02, -7.1501e-02,  3.6220e-02]],

         [[-9.9177e-03,  8.0323e-02, -7.7502e-02, -6.1669e-02,  4.0642e-02],
          [-3.7103e-02, -3.4937e-02,  4.9610e-02,  3.8909e-02,  3.9264e-02],
          [-6.8206e-03, -5.0312e-02, -1.0200e-04,  6.6624e-02,  3.7369e-02],
          [ 1.6855e-02, -5.4101e-02,  2.1956e-02, -6.0645e-02, -7.3945e-02],
          [ 5.8575e-02,  4.2710e-02, -7.1549e-02,  6.2962e-02, -3.5762e-02]]],


        [[[ 7.7937e-02, -1.6563e-02, -2.2183e-02,  6.5221e-02, -8.8433e-03],
          [ 7.8348e-02, -5.5127e-02, -5.8811e-02,  6.6028e-02,  2.4780e-02],
          [-5.6498e-02,  4.7036e-02, -3.7317e-02, -5.0410e-02,  6.4730e-02],
          [-6.5421e-03,  5.8313e-02, -3.4804e-02,  3.9547e-05, -7.4435e-02],
          [ 5.8891e-03,  1.4539e-02, -2.7630e-03, -5.8514e-02,  5.1628e-02]],

         [[ 4.2680e-02,  1.9338e-02,  1.5802e-02, -7.0624e-02,  9.1357e-03],
          [ 2.3523e-02,  1.3100e-02, -3.7178e-02, -6.5990e-02, -2.4854e-02],
          [-6.4003e-02, -2.9959e-02, -3.1676e-02, -3.2187e-02,  2.9776e-02],
          [ 7.7482e-02, -1.4681e-02,  4.2107e-02,  6.4169e-02, -5.5981e-02],
          [-7.3188e-02, -7.2315e-02,  5.5620e-02, -4.1194e-02, -7.7734e-02]],

         [[ 7.2717e-02, -7.6345e-02,  7.3029e-02, -1.4587e-02,  3.6523e-02],
          [-2.3638e-02, -7.7553e-02,  4.2389e-02, -5.1256e-02, -1.8554e-02],
          [ 1.0034e-02,  4.2162e-02,  4.2861e-02, -1.7963e-02,  5.0101e-02],
          [-2.0692e-02,  1.8536e-02, -5.2954e-02, -5.8576e-02,  3.5335e-02],
          [-1.5654e-02, -4.4216e-02,  1.0567e-03,  7.4862e-02,  6.0024e-02]],

         [[ 5.6612e-04, -3.1640e-02,  4.2383e-02,  5.5279e-02,  2.2236e-02],
          [-7.6663e-02, -7.8053e-02,  6.4833e-02,  5.1644e-02,  3.0205e-02],
          [-5.6685e-02, -6.5852e-03,  4.2364e-02, -8.4704e-03, -5.7651e-02],
          [ 3.0803e-02,  8.9809e-03,  3.9359e-02,  1.6756e-02, -4.4751e-02],
          [ 6.8546e-02, -2.0428e-02, -2.8128e-02,  3.5303e-02, -7.8561e-02]],

         [[-4.1801e-02, -9.9939e-03,  7.8702e-02, -3.2041e-03, -5.8617e-02],
          [ 1.0162e-02, -1.8945e-02, -1.1277e-02, -2.3253e-02, -1.7460e-02],
          [ 2.7353e-02, -6.3655e-02, -1.3550e-02, -6.3957e-02,  8.7459e-03],
          [-6.8472e-02, -1.4472e-02,  1.1504e-02, -6.0641e-02,  7.2894e-02],
          [ 5.8685e-02,  4.3972e-02,  7.4774e-02,  9.6692e-03,  4.6604e-02]],

         [[-4.0513e-02,  7.0649e-03, -2.1473e-02,  2.7978e-02,  2.2709e-02],
          [ 2.7878e-02, -2.5111e-02, -6.8651e-02, -1.1617e-02,  6.3634e-02],
          [ 7.4111e-02,  2.1137e-02, -6.2292e-02, -3.0367e-02, -7.2879e-02],
          [ 5.4200e-02, -5.5825e-02, -3.9586e-02,  4.3986e-02, -6.4735e-02],
          [ 6.4968e-02,  3.8866e-02, -7.2159e-02,  4.2643e-02, -7.9600e-02]]],


        [[[ 9.5774e-04, -7.0365e-02, -1.6337e-02, -3.4484e-02, -4.8397e-02],
          [ 6.2947e-02, -1.9438e-02, -5.1788e-02, -5.6386e-02,  6.8386e-03],
          [ 2.9538e-02,  2.0790e-02,  6.4046e-02, -8.2480e-03, -2.5709e-02],
          [-4.0745e-02,  7.2763e-02, -3.9027e-03, -2.1064e-02,  7.2217e-02],
          [ 6.5357e-02,  2.7443e-02, -7.1439e-03,  1.2806e-03, -4.7067e-02]],

         [[-3.4316e-02,  5.2345e-02,  2.0499e-02, -3.4941e-02,  4.1153e-02],
          [-7.4336e-02, -5.4302e-02,  1.6006e-02, -4.1541e-02,  1.3067e-02],
          [ 3.2105e-02,  1.7956e-02, -3.5527e-02,  6.7951e-03,  6.7866e-03],
          [ 6.9753e-02, -1.2471e-02, -1.3635e-02,  5.6844e-02, -2.1465e-03],
          [ 3.9564e-02,  3.2632e-02,  4.5895e-02,  2.8317e-02, -1.8944e-02]],

         [[ 7.2499e-02,  1.8158e-02, -6.2119e-02, -3.4138e-02, -3.4992e-02],
          [ 6.6078e-02,  5.1680e-02, -1.1083e-02,  8.0375e-02, -2.2736e-02],
          [-2.6797e-02, -1.3350e-02,  2.1381e-02, -7.8917e-02,  3.4488e-02],
          [ 5.3954e-03, -7.0306e-02,  6.3081e-02,  4.8087e-02,  5.2181e-03],
          [ 1.7257e-03,  4.2674e-02, -6.9757e-02,  8.0793e-02, -2.3136e-02]],

         [[ 6.8640e-03,  6.7427e-02,  7.3121e-02,  6.3380e-02, -1.9661e-02],
          [-8.0065e-02, -7.1464e-02, -2.7970e-02, -9.2960e-03,  3.0071e-02],
          [-1.8015e-03,  4.5394e-02, -2.9378e-02,  6.4968e-02,  3.1209e-02],
          [-5.8986e-03,  2.2288e-02, -8.0852e-02,  8.0010e-02, -4.1832e-02],
          [-6.5931e-02, -3.5271e-02,  7.4855e-02, -4.9195e-02, -5.2669e-02]],

         [[ 3.7753e-02, -7.6051e-02,  6.9126e-02,  2.1057e-02, -2.2840e-02],
          [ 8.0486e-03, -1.6483e-02, -2.2939e-02, -6.2407e-02, -3.8242e-02],
          [ 4.3046e-02, -3.8618e-02, -4.5195e-02, -1.9902e-02,  7.4926e-02],
          [ 7.2406e-02, -5.5092e-02, -7.6609e-02, -5.1961e-02,  5.4037e-02],
          [ 5.5179e-02, -7.5349e-02, -3.0446e-02,  5.3633e-02, -4.5684e-02]],

         [[-7.3139e-02, -7.9915e-02, -6.6623e-03,  7.6263e-02,  4.9577e-02],
          [ 6.5444e-02, -5.4821e-02, -1.0435e-02,  1.4637e-02,  6.8390e-02],
          [-6.1303e-02, -5.1190e-02,  5.1200e-02,  3.7844e-02, -1.6748e-02],
          [ 5.9810e-02, -3.2138e-02,  3.1021e-02,  5.9306e-02, -4.6004e-02],
          [ 6.0443e-02, -6.6419e-02, -1.8672e-02,  6.9472e-02, -6.0518e-02]]],


        ...,


        [[[-5.9231e-02, -4.6913e-02, -6.2608e-02, -3.2856e-02, -4.6374e-02],
          [-7.8517e-03, -4.4928e-02, -2.5522e-03, -7.1287e-02, -7.4782e-02],
          [ 2.6603e-02, -1.7698e-02, -2.9491e-02, -4.8171e-02, -3.7542e-02],
          [-8.0445e-03,  6.3701e-02, -3.0218e-02, -2.0217e-02, -2.1242e-02],
          [-7.5363e-02,  1.3315e-02, -4.6448e-02,  4.4819e-02,  2.2170e-02]],

         [[ 1.4650e-02, -7.9289e-02, -6.2567e-02, -3.9028e-02,  3.3347e-02],
          [ 1.5811e-03,  2.9138e-02, -5.9504e-02, -2.2910e-02, -5.4802e-02],
          [ 4.1750e-02,  4.9180e-02,  4.4005e-02, -1.1365e-02,  4.4424e-02],
          [-3.7049e-02,  5.7645e-02,  4.9992e-02, -6.0697e-04, -5.8830e-02],
          [ 4.3680e-04,  2.6921e-04,  6.1011e-02, -7.1483e-02,  2.4596e-02]],

         [[ 6.8722e-02,  1.4388e-02, -1.4845e-02, -5.3808e-02,  5.7765e-03],
          [-5.0469e-02, -2.3417e-02,  1.9570e-02,  5.6731e-02,  4.2261e-02],
          [ 3.0205e-02, -3.5503e-02, -2.2952e-02,  2.2243e-02, -1.3993e-02],
          [ 1.3483e-02,  5.0580e-02,  5.1082e-02, -5.7337e-02,  5.9812e-02],
          [-6.9534e-03, -6.1462e-02, -1.2653e-03,  4.6217e-02, -2.8961e-02]],

         [[ 4.7126e-02,  3.7346e-02,  1.3801e-02, -4.7844e-02, -2.0366e-02],
          [ 1.7994e-02,  1.9949e-02, -4.4612e-02, -3.7562e-02, -3.5237e-02],
          [ 6.9858e-02,  8.0468e-02, -2.9519e-02,  5.0130e-02,  2.6216e-02],
          [ 7.3747e-02,  6.3559e-03,  6.6241e-02, -6.2093e-02, -1.2851e-03],
          [-5.6343e-03, -3.4860e-02,  5.3969e-02,  6.4318e-02,  1.9494e-02]],

         [[ 1.2654e-02, -5.0341e-04,  4.4861e-02, -3.9389e-02, -2.3177e-02],
          [ 7.0149e-02, -7.4097e-02, -8.0695e-02, -7.2260e-02, -4.1453e-02],
          [-1.8396e-02, -4.6811e-02,  8.0136e-02, -4.8443e-02, -7.3808e-02],
          [ 3.8791e-02, -1.9690e-02, -3.0910e-02,  1.8668e-02,  6.4847e-02],
          [-1.3472e-02, -5.6918e-02,  5.8410e-02,  3.1129e-02, -1.8475e-02]],

         [[ 2.6227e-02, -5.8885e-02,  3.2085e-02, -3.9898e-02, -3.5994e-02],
          [ 4.4039e-02, -6.7422e-03, -3.4235e-02, -5.1725e-02, -1.8581e-02],
          [-2.8218e-02,  3.0023e-02,  4.7624e-03,  9.0129e-03,  4.0623e-02],
          [ 1.4063e-02, -1.5019e-02,  6.3830e-02,  2.4165e-02,  1.7222e-02],
          [ 7.0605e-02, -7.7000e-02, -5.7468e-02, -4.8878e-02, -6.1645e-02]]],


        [[[ 4.0294e-02, -1.0997e-02,  3.9378e-03,  4.2139e-02,  4.7971e-02],
          [ 6.2496e-02,  6.0614e-02,  5.6672e-02,  2.5986e-02,  1.7663e-02],
          [-4.4523e-02,  5.4173e-02, -6.2161e-02, -1.8341e-02,  6.2193e-02],
          [ 1.5337e-02,  3.7291e-02,  2.0692e-02,  3.1111e-02, -7.2466e-03],
          [ 3.7550e-02, -5.7408e-03, -5.6500e-02,  8.7233e-03, -6.3100e-03]],

         [[-4.5318e-02, -4.6616e-02, -7.6349e-02,  8.0546e-03, -5.2295e-02],
          [ 4.6072e-02,  4.9811e-03, -2.4401e-02,  1.8673e-02, -5.7792e-02],
          [ 7.2943e-02,  4.6591e-02,  2.5766e-02, -5.8110e-02, -8.1634e-02],
          [-3.3863e-02,  2.5672e-03, -3.1465e-02, -5.2271e-03, -6.4116e-02],
          [ 4.4679e-02,  4.1126e-02, -5.8210e-02,  5.0203e-02, -4.4914e-02]],

         [[-2.1319e-02, -1.9231e-02, -2.6905e-02,  2.3795e-02, -8.6730e-04],
          [-3.2084e-02,  3.4993e-02, -3.3820e-02,  5.3670e-02,  2.0336e-02],
          [ 5.8349e-02,  5.2828e-02, -6.5389e-02,  7.6056e-02, -7.6067e-02],
          [ 6.3318e-03,  4.9189e-02,  6.6314e-02, -3.5705e-03, -5.0436e-02],
          [ 7.8395e-02, -1.7906e-02, -5.6017e-02,  7.8546e-02,  1.2682e-02]],

         [[ 2.1344e-02,  2.8018e-02, -8.0213e-02, -3.3275e-03, -2.2419e-02],
          [ 7.0776e-03,  3.1180e-02,  5.0596e-02,  8.1212e-02, -4.4716e-02],
          [-2.2976e-02, -6.8694e-03, -7.5958e-02,  6.2255e-03, -6.4273e-02],
          [ 2.0124e-02, -7.5187e-02,  4.2347e-02,  7.1451e-02,  1.5001e-03],
          [-6.2269e-02,  3.7373e-02,  4.6430e-02, -4.7636e-04, -6.4302e-02]],

         [[-4.4743e-02,  6.4504e-02, -5.6224e-02, -8.6777e-04, -7.6253e-02],
          [-1.6608e-02,  6.7339e-02, -4.5638e-02, -6.1501e-02,  1.9542e-02],
          [-7.6255e-02,  1.4081e-02, -6.3877e-03, -1.8028e-02,  1.1977e-02],
          [ 2.5416e-03, -8.9724e-03, -6.2322e-02,  1.5901e-02,  2.8553e-02],
          [-4.4711e-02,  6.6565e-02, -6.7603e-02, -5.5168e-02,  2.8478e-02]],

         [[-3.4075e-02,  6.5818e-03, -2.4996e-02,  7.3078e-02,  4.7145e-02],
          [ 4.0894e-02,  1.1614e-02,  6.9465e-02,  3.2987e-02,  2.0513e-03],
          [-3.1013e-03,  5.3865e-02, -1.3981e-02,  4.4650e-02, -8.8814e-03],
          [ 4.0468e-02,  6.8488e-02, -2.3861e-02, -5.9845e-02, -3.5427e-02],
          [-4.3713e-03,  6.1765e-02, -6.8264e-03,  3.8287e-02, -2.2779e-02]]],


        [[[ 1.0129e-03, -4.4000e-02,  6.7138e-02,  4.3367e-02,  5.8696e-02],
          [-5.0960e-02,  6.2997e-02,  8.0939e-02, -4.3855e-02,  4.2928e-02],
          [ 3.8498e-02,  5.6765e-02,  4.0202e-02,  3.5240e-02,  2.3218e-02],
          [-4.0102e-02, -1.6501e-02, -5.8512e-02, -4.3562e-03,  4.4379e-02],
          [ 3.1167e-02,  2.7750e-02, -7.9215e-02,  5.2521e-03,  1.9422e-02]],

         [[-6.8294e-02,  5.3136e-02,  7.4738e-02,  7.9141e-02, -5.8638e-02],
          [ 5.9672e-02, -4.9542e-02,  6.2196e-02, -6.3699e-02, -8.0388e-03],
          [ 5.0360e-02, -6.0374e-02, -2.2719e-02, -3.7459e-02, -2.4114e-02],
          [-7.6285e-02,  4.8967e-02, -7.5142e-02,  5.9378e-02,  9.9345e-03],
          [ 5.3534e-02, -3.3535e-02, -3.3662e-02,  6.9655e-02, -4.4276e-02]],

         [[-6.3513e-02, -4.2293e-02,  6.0881e-02,  4.2323e-02,  3.5128e-02],
          [-2.2162e-02,  3.9353e-03,  4.3530e-02,  6.3931e-03,  7.0846e-02],
          [-4.1526e-02, -5.5764e-02, -8.5697e-03,  6.3567e-02, -5.8726e-02],
          [ 6.1576e-02, -3.9699e-02,  5.6385e-02, -4.7148e-02, -2.2982e-02],
          [ 1.6416e-02,  3.9666e-02,  2.8105e-02, -5.4909e-02,  1.4604e-02]],

         [[ 4.3872e-02,  2.7732e-02, -4.9150e-02,  6.9599e-02,  6.5004e-03],
          [ 2.9493e-02,  6.2853e-02, -3.4458e-02,  7.4596e-02,  5.1683e-02],
          [-7.2739e-02, -7.5371e-02, -5.8965e-02,  7.3258e-02, -6.4301e-02],
          [ 1.0770e-02,  6.5925e-02,  2.5587e-03,  3.6692e-02,  4.2644e-02],
          [-6.4395e-02,  1.5008e-02, -5.0338e-02, -4.8243e-02,  5.8107e-02]],

         [[-5.3430e-02,  5.4637e-02, -9.2879e-03, -3.2582e-02,  2.8591e-02],
          [ 5.7986e-03, -3.1588e-02, -8.0834e-02,  6.4223e-02, -3.8083e-02],
          [-4.4468e-02,  7.7936e-02,  3.7625e-02, -2.6976e-02, -7.7837e-02],
          [-6.5115e-02, -1.9713e-02, -2.6957e-02, -4.6181e-02,  1.6045e-02],
          [ 1.1219e-02,  1.0319e-02, -2.6248e-02,  6.6002e-02,  3.3598e-02]],

         [[ 6.6465e-02,  3.5930e-02,  4.1604e-02,  5.7367e-02, -4.8279e-02],
          [-7.6937e-02,  7.2682e-02, -1.7363e-02, -2.3967e-02,  1.4238e-02],
          [ 3.5486e-02, -6.1744e-02,  1.3683e-02,  2.8182e-02,  2.9158e-02],
          [-4.5816e-02, -6.7619e-02, -1.5794e-02, -4.6248e-02, -3.8270e-02],
          [ 8.3024e-03,  4.1637e-03,  6.7905e-02,  7.2304e-02, -2.1518e-02]]]])), ('conv2.bias', tensor([ 0.0693, -0.0263, -0.0101,  0.0789, -0.0206, -0.0192,  0.0055, -0.0532,
        -0.0223,  0.0261, -0.0171,  0.0043,  0.0294,  0.0447,  0.0771, -0.0797])), ('fc1.weight', tensor([[-0.0281, -0.0067, -0.0359,  ...,  0.0277,  0.0463,  0.0027],
        [-0.0433, -0.0219, -0.0220,  ...,  0.0401, -0.0285, -0.0152],
        [-0.0355, -0.0002, -0.0250,  ..., -0.0299, -0.0010, -0.0456],
        ...,
        [ 0.0182, -0.0188, -0.0361,  ..., -0.0487, -0.0289, -0.0004],
        [-0.0365,  0.0049,  0.0159,  ...,  0.0182, -0.0056,  0.0176],
        [-0.0381,  0.0104, -0.0309,  ..., -0.0310, -0.0373, -0.0334]])), ('fc1.bias', tensor([ 2.5806e-02,  2.7459e-02,  3.3176e-02, -5.8334e-03, -3.6047e-02,
        -4.8935e-02, -1.0319e-03, -2.8264e-03, -1.0000e-02, -4.2048e-02,
        -4.5745e-02,  4.2213e-02, -2.2979e-02, -2.0069e-02,  1.7241e-02,
        -2.0205e-02, -3.2944e-02,  3.0906e-02, -3.6173e-02,  4.2801e-02,
        -3.2465e-02, -4.8854e-02,  3.7901e-02,  4.3052e-02,  2.5191e-02,
        -2.7928e-02, -2.1853e-03,  1.6954e-02,  4.6325e-02, -3.3878e-02,
        -1.0509e-02,  3.1561e-02,  4.4473e-02, -2.2140e-02,  2.8653e-02,
        -2.8022e-02, -3.7484e-02,  4.2851e-02,  1.0675e-02,  3.5438e-02,
        -3.6617e-02,  2.9882e-02,  4.0490e-02,  4.9295e-02,  2.7813e-02,
         8.1092e-03,  3.1537e-02, -3.6542e-02, -4.6730e-02, -6.7655e-03,
        -4.4772e-02,  3.8538e-02,  3.5939e-02, -4.2855e-02, -3.7575e-02,
        -1.9847e-02, -4.6061e-02, -2.7005e-02, -4.4155e-02,  3.3713e-02,
        -1.5321e-02,  3.6111e-02,  4.9878e-02, -4.3299e-02,  3.6678e-02,
        -3.1014e-02, -1.8683e-02,  4.7740e-02,  3.2723e-02,  4.1850e-02,
        -3.2559e-02,  2.2844e-02, -1.7162e-02, -4.9880e-02, -3.3249e-02,
        -9.5496e-03, -4.4282e-02,  4.6258e-02, -4.3489e-02,  2.4985e-02,
        -2.4466e-02,  2.1248e-02,  4.7663e-02, -2.1585e-03, -2.4835e-02,
         4.2315e-02,  3.2700e-02, -2.1662e-02, -2.0757e-03, -1.6790e-02,
         1.8831e-02,  3.3940e-02,  3.1634e-02, -2.5518e-02, -2.4702e-03,
        -4.4528e-02,  3.9771e-02,  3.9880e-02,  1.2038e-02,  2.9654e-03,
        -3.0327e-05, -1.6331e-02, -2.8213e-03, -3.3437e-02,  3.6391e-02,
         3.3048e-02,  1.8236e-02,  3.2487e-02, -2.1598e-02,  3.8832e-02,
        -1.0231e-02,  1.3447e-02,  6.4733e-03, -1.6555e-02,  2.6331e-02,
        -4.0455e-02, -2.6397e-02,  1.2751e-02, -1.3642e-02,  3.6283e-03])), ('fc2.weight', tensor([[ 0.0432,  0.0052,  0.0051,  ...,  0.0812,  0.0725,  0.0844],
        [-0.0134, -0.0090,  0.0442,  ..., -0.0717, -0.0095, -0.0088],
        [-0.0599,  0.0810,  0.0262,  ..., -0.0567,  0.0585, -0.0407],
        ...,
        [-0.0006, -0.0623, -0.0084,  ..., -0.0459,  0.0620, -0.0272],
        [ 0.0812,  0.0555, -0.0491,  ...,  0.0111,  0.0210,  0.0589],
        [-0.0661,  0.0054, -0.0553,  ...,  0.0156,  0.0193, -0.0018]])), ('fc2.bias', tensor([ 0.0470,  0.0311,  0.0517,  0.0200, -0.0807, -0.0092, -0.0499,  0.0304,
         0.0242, -0.0386, -0.0395, -0.0589,  0.0321,  0.0597, -0.0260, -0.0547,
        -0.0893, -0.0334, -0.0173, -0.0426,  0.0366,  0.0820, -0.0509, -0.0451,
        -0.0840,  0.0369, -0.0360, -0.0169, -0.0803, -0.0070,  0.0088,  0.0863,
         0.0302,  0.0700,  0.0393,  0.0272,  0.0706, -0.0574, -0.0771, -0.0450,
         0.0358,  0.0457, -0.0077, -0.0763, -0.0838,  0.0059, -0.0900,  0.0127,
         0.0421, -0.0727, -0.0351, -0.0567,  0.0361, -0.0671,  0.0723,  0.0866,
         0.0479, -0.0846,  0.0867,  0.0276, -0.0288, -0.0196,  0.0563,  0.0183,
         0.0646,  0.0080,  0.0629,  0.0176, -0.0776, -0.0074, -0.0457, -0.0633,
         0.0066, -0.0468, -0.0200,  0.0717,  0.0572,  0.0306, -0.0782,  0.0433,
        -0.0773, -0.0105,  0.0568,  0.0049])), ('fc3.weight', tensor([[ 5.5286e-02,  5.4430e-02,  6.6020e-02, -3.2378e-02, -9.7952e-02,
          1.0650e-03,  1.6483e-02,  1.0424e-01, -8.7523e-02,  9.9377e-02,
         -4.1543e-02,  7.3036e-02, -7.7065e-02,  2.5995e-02, -5.4868e-02,
         -7.2682e-02,  5.2764e-02, -4.5280e-02, -3.4779e-02,  5.0732e-02,
          4.2347e-02,  5.7425e-02,  2.0878e-02,  2.7851e-02,  8.8918e-02,
         -5.4980e-02, -5.2310e-02, -2.6941e-02,  4.4215e-02, -7.9144e-02,
          3.8321e-02,  2.2511e-02,  8.8161e-02, -7.5281e-02,  8.1037e-02,
         -5.0389e-02, -9.4553e-02,  5.7004e-02,  6.1934e-02,  7.0577e-02,
          4.8050e-02,  8.7340e-02, -1.3029e-02, -9.3993e-02, -8.1844e-04,
         -7.2288e-02, -3.2395e-02, -7.5048e-03, -1.0520e-01,  8.9587e-02,
         -4.2135e-02, -3.1793e-02,  1.0110e-01, -4.3930e-02, -1.0456e-02,
          7.8855e-02,  2.5228e-02, -1.4191e-02,  9.2741e-02,  4.7432e-02,
          2.0836e-02,  7.9853e-02,  1.7596e-02, -1.0828e-01,  8.3179e-02,
         -9.9532e-02,  4.3870e-02,  8.4789e-02,  7.1337e-02, -6.5563e-02,
         -7.5739e-02,  8.4068e-02,  3.2200e-02, -8.1444e-02, -2.3690e-03,
          9.6359e-02, -5.7104e-02,  5.6681e-02,  7.9939e-02,  3.9793e-02,
          1.0847e-01, -3.9899e-02,  1.0641e-01, -2.0149e-02],
        [ 5.4288e-02,  1.0749e-01, -5.3116e-02,  6.9869e-02, -3.2072e-02,
          9.5874e-02,  1.0587e-01, -1.0058e-01, -8.6004e-02,  3.5190e-03,
          1.5779e-02,  4.1989e-02, -1.3269e-02, -8.7285e-03,  3.6426e-02,
          8.8771e-03,  2.6676e-02,  8.9781e-02, -1.0913e-02,  1.0091e-02,
          1.9634e-02,  4.9132e-02,  5.4867e-02, -1.4806e-02, -9.2713e-02,
         -3.1099e-02,  2.9146e-02,  4.0227e-02,  9.1440e-03,  8.6074e-02,
          1.0317e-01,  2.9626e-03, -4.1326e-02,  5.3431e-02, -5.8567e-02,
         -1.0889e-02, -4.5459e-02, -3.0826e-03,  9.6544e-02, -1.0900e-01,
          6.1993e-02,  4.4116e-02, -1.0444e-02,  3.6510e-02,  7.3050e-02,
          1.0477e-01,  2.8980e-02,  8.9056e-02, -6.6354e-02, -2.8440e-02,
         -6.0941e-02,  1.0798e-01,  7.5641e-02,  8.7171e-02, -8.4698e-02,
          7.4563e-02, -7.9766e-02,  1.0668e-01,  7.1457e-02,  9.5129e-04,
          6.0522e-02, -7.3062e-02,  5.0132e-02,  9.5431e-02,  1.0357e-02,
         -1.0056e-01,  1.0627e-01,  2.6052e-02, -6.1756e-02,  3.0603e-02,
          4.9210e-02,  5.9434e-02, -9.8287e-02,  8.1531e-02, -7.3163e-02,
          9.2474e-02, -1.1192e-02, -5.6606e-02,  6.7796e-02,  6.2869e-02,
          2.2397e-02, -1.0724e-01,  2.3771e-02, -1.5564e-02],
        [-5.9409e-02, -5.0166e-02,  9.7279e-02, -5.4313e-03,  3.5514e-02,
         -5.7026e-02,  2.5067e-02, -4.1396e-02, -2.5454e-02, -7.3493e-02,
         -1.0771e-01,  7.6164e-02, -2.1584e-02,  1.0472e-02,  7.2681e-02,
          4.1729e-02, -5.4240e-02, -7.4842e-02,  4.7471e-02,  1.3197e-03,
         -5.6778e-02,  1.3346e-02,  9.3475e-03, -5.6532e-02, -7.0873e-02,
          5.5342e-02, -7.9678e-02,  4.4284e-02,  6.6855e-02,  7.0324e-02,
          3.8501e-02,  9.0704e-02, -5.5953e-02,  1.0094e-01,  8.0939e-02,
         -1.0359e-01, -1.0403e-01, -2.4599e-03, -6.7100e-02,  7.5839e-02,
         -7.3992e-02, -7.7974e-02, -8.8605e-02, -8.6465e-02, -2.2106e-03,
         -4.8499e-02,  6.5256e-02, -5.1947e-02, -9.5518e-02, -6.3991e-02,
         -6.3068e-02,  9.0715e-02,  3.9618e-02,  3.2414e-02,  5.5403e-02,
         -5.4334e-02, -3.5870e-03,  2.6492e-02,  4.2325e-02,  5.4359e-02,
          2.3785e-02,  4.6449e-03, -5.7468e-02, -8.2657e-02, -1.6921e-02,
         -1.5219e-02, -6.1877e-02, -5.0719e-03, -6.3908e-02, -8.4323e-02,
          2.8789e-02, -1.7066e-02,  9.5109e-03,  9.2352e-02, -1.0808e-02,
         -4.7994e-02,  9.8415e-02,  4.9121e-02,  7.7908e-02, -3.6856e-02,
          3.8589e-02, -5.8547e-02,  3.9741e-02,  1.1318e-02],
        [ 3.8905e-02, -9.8465e-02,  6.8983e-02, -6.8840e-02,  1.5671e-02,
          6.2262e-02, -5.7087e-02,  1.0469e-01, -4.2643e-02, -4.5391e-02,
         -1.5669e-02,  7.9199e-02,  3.3671e-02, -5.6803e-02,  6.9221e-03,
          7.4069e-02, -4.7977e-02,  7.0083e-02,  7.0527e-02,  5.5313e-02,
         -7.8233e-02,  1.5554e-02, -1.0460e-01,  5.0894e-02, -5.8871e-02,
         -8.4723e-03,  8.9335e-02, -4.0270e-02,  7.5482e-03,  8.2267e-02,
          6.5231e-02, -1.0540e-01, -7.0551e-02,  3.5306e-02, -4.2095e-02,
         -1.8617e-02, -8.7928e-02, -9.8505e-03,  3.5040e-02, -1.0805e-01,
          1.0795e-01, -9.2663e-02, -6.2365e-02,  3.3876e-02, -7.7692e-02,
          1.9635e-02, -9.4273e-05,  2.6016e-02,  1.9673e-02, -5.7123e-03,
         -7.3439e-02,  5.1958e-02, -6.1487e-02, -7.7567e-03, -5.3024e-02,
          3.4169e-02,  1.0228e-01,  1.0132e-01,  9.1443e-02, -8.5769e-02,
          7.8214e-02,  3.6103e-02,  9.5746e-02, -4.8353e-02, -5.0949e-02,
          6.7238e-03,  6.8294e-02, -1.7713e-02,  1.0711e-01, -5.5128e-02,
          3.7568e-02, -8.0535e-03,  2.7865e-02, -3.1872e-02, -5.7255e-02,
          1.0151e-01,  4.8529e-02, -7.6598e-02, -3.2816e-02,  9.9552e-02,
         -5.7159e-03,  5.1265e-02, -5.2185e-02, -4.2283e-02],
        [-1.3355e-03, -9.9210e-02,  4.4726e-02,  2.4353e-02, -9.4231e-02,
         -5.5998e-03, -7.2967e-02,  8.9536e-02,  1.4175e-02,  4.2532e-02,
          6.5762e-02, -1.0849e-01,  2.0858e-04, -9.9483e-02,  3.4836e-02,
         -1.0174e-01, -1.0573e-01, -4.6002e-02,  2.1995e-02,  2.3107e-02,
          8.7559e-04, -6.5320e-02, -4.1241e-03,  1.0848e-01,  4.6487e-02,
         -1.0489e-02, -5.5952e-02,  6.3761e-02,  4.7456e-02,  7.0411e-02,
         -2.3689e-02,  1.0366e-01, -3.4207e-02,  5.0309e-02, -1.0565e-01,
         -1.0806e-01, -2.8674e-02, -4.6120e-02,  3.3050e-02,  7.4135e-02,
         -6.5215e-02, -7.4440e-02, -3.0405e-03, -3.4620e-02, -1.8517e-02,
          1.5628e-03, -3.9552e-02,  3.3756e-02,  5.4360e-02,  7.5625e-02,
         -1.8214e-02, -4.9030e-03, -4.5250e-03, -3.1286e-02,  2.3739e-02,
          6.2780e-02,  9.3399e-02,  7.5069e-02,  1.3292e-02,  7.7703e-02,
          9.2658e-02,  5.1553e-02,  6.5472e-02, -3.5173e-02, -9.3644e-02,
          1.0953e-02, -7.3352e-03,  6.9955e-02, -6.2110e-02, -1.0834e-01,
         -9.8595e-02, -5.9103e-02, -2.6567e-02, -8.2078e-02,  2.8631e-02,
         -1.0462e-01, -8.8728e-02, -1.0518e-02, -9.9250e-03,  1.0326e-01,
         -9.3772e-02, -6.7209e-02,  3.5595e-02,  7.9181e-02],
        [ 4.0187e-03,  3.9928e-02, -6.9220e-02, -7.0449e-02,  4.9631e-02,
         -9.2360e-02, -6.0575e-02, -1.2277e-02, -8.7567e-02,  8.0813e-02,
          9.7674e-02,  6.2718e-02, -6.6518e-02, -9.9403e-02, -1.0549e-01,
         -9.3266e-02, -8.4674e-02, -9.6436e-03,  5.8542e-02,  5.6194e-02,
          1.0087e-01,  3.1134e-02, -1.4437e-02, -1.8146e-02,  6.7469e-02,
          5.9392e-02, -7.6499e-02,  1.0451e-01, -9.6874e-02,  7.9447e-02,
         -2.6890e-02, -5.5250e-02,  6.1598e-02, -1.0117e-01, -7.6396e-02,
         -5.0193e-02, -4.5530e-02,  5.4186e-02, -9.0611e-02,  7.7066e-02,
         -9.8253e-02, -3.1147e-02,  8.5450e-02, -8.6510e-02,  3.4561e-02,
         -1.9254e-02,  1.2892e-02,  3.7808e-02,  1.5861e-02,  6.4140e-02,
          4.4932e-02, -2.9962e-02,  4.4982e-02,  5.8894e-02, -9.3264e-02,
          3.8460e-02, -7.0535e-02,  4.4298e-02, -6.1864e-02,  9.9577e-02,
         -7.4144e-02,  9.9010e-02, -1.2720e-02,  1.0662e-01,  2.6989e-02,
          8.9429e-02, -8.3371e-02,  6.5750e-02,  5.3660e-02, -2.5143e-02,
         -4.9203e-03, -1.5512e-02,  3.9816e-02,  1.8179e-02, -1.5524e-02,
          9.5875e-02,  7.3601e-02,  3.3704e-02, -2.4090e-02, -2.0907e-02,
         -2.6330e-02,  5.7377e-03,  8.6802e-02,  1.4823e-02],
        [ 1.0104e-01, -1.0252e-01, -5.6081e-02, -9.6963e-02,  1.1493e-02,
         -2.1286e-02,  8.3210e-02,  2.8009e-02,  9.0355e-02,  3.4081e-02,
         -2.6493e-02,  3.9197e-02, -3.8358e-02,  1.0111e-01, -1.0967e-02,
         -2.0957e-02,  1.6320e-02,  1.0739e-01,  2.0705e-02, -2.2269e-02,
         -7.9773e-02, -7.1099e-02, -8.5851e-02,  3.8107e-03,  1.4450e-02,
         -4.5733e-02,  8.1272e-02,  9.3940e-02, -1.0830e-01, -8.9263e-02,
          7.0698e-02, -7.8048e-03,  3.3047e-02,  8.1998e-02, -3.0310e-02,
          5.7824e-02, -1.0482e-02, -1.0480e-02,  7.6757e-02,  6.5784e-02,
          2.7905e-02, -6.9247e-02, -1.8108e-02,  8.4721e-02,  8.6809e-03,
          9.7755e-02, -2.1804e-02, -2.8969e-02, -6.0355e-02, -2.7955e-02,
         -7.0206e-02, -5.8099e-02, -4.8212e-02,  4.2530e-02,  9.0529e-02,
         -2.8106e-03,  9.5458e-02, -1.4446e-02,  2.1598e-02,  7.0874e-02,
         -1.6900e-02,  6.5347e-02, -8.2056e-02,  3.7657e-02, -7.4806e-02,
         -6.2467e-02,  2.0761e-02, -5.7298e-02,  9.3232e-02,  8.6778e-02,
          1.7252e-02, -8.8966e-02,  5.0859e-02, -4.6157e-02,  7.7380e-02,
          9.9094e-02,  3.0313e-02, -6.3446e-02,  6.1238e-02, -1.0675e-01,
          1.0150e-01,  8.2748e-02, -1.2071e-02,  2.6900e-02],
        [ 1.4802e-02, -9.2407e-02,  1.6538e-02, -5.0120e-02,  7.2985e-02,
          1.0143e-01,  3.9693e-02, -3.7318e-02, -1.0199e-01,  4.2180e-02,
         -6.5630e-02,  8.3278e-02, -4.9103e-02, -1.3454e-02, -9.8976e-02,
          6.3070e-02, -4.6204e-02,  8.6348e-02,  6.1196e-02,  7.7108e-02,
         -2.1942e-03, -3.5957e-02, -5.9064e-02, -1.0199e-01, -1.0085e-01,
         -7.2603e-02,  3.9922e-02,  8.4549e-03,  4.6121e-02,  4.3711e-02,
          1.7141e-02, -9.6426e-02, -9.1556e-02,  5.5035e-02,  3.6460e-02,
          8.7275e-02, -3.5557e-03,  2.2640e-02, -6.0571e-02,  1.0098e-01,
         -8.0660e-02,  6.4376e-03, -4.6013e-02,  5.3216e-02, -5.1188e-04,
          1.5677e-02,  1.0643e-01,  7.6922e-02,  2.2668e-02, -7.5071e-03,
         -2.3428e-03, -6.9543e-02, -5.8162e-02, -2.2942e-02,  7.4858e-02,
         -5.8699e-02, -4.8725e-02, -8.5860e-02, -1.0374e-01, -6.3777e-03,
         -8.5613e-02, -8.1345e-02, -3.9697e-02, -1.0266e-02,  6.6900e-02,
          9.3878e-02,  7.1634e-02, -7.1228e-02,  6.5152e-02,  8.0455e-02,
         -5.1489e-03,  2.0678e-02,  2.8738e-03, -6.4715e-02,  1.0465e-01,
         -5.4138e-02,  7.0125e-02, -3.2704e-03, -3.6655e-02,  2.1994e-02,
         -9.8151e-02,  2.3413e-02, -3.9217e-02, -1.9973e-03],
        [-3.0225e-02,  3.2481e-02,  4.6773e-03, -7.2732e-02, -2.1227e-03,
         -7.5685e-02, -9.7805e-02, -7.4143e-02, -4.0882e-02, -4.2847e-03,
         -8.1313e-02, -7.9759e-02, -4.1297e-02, -7.7903e-02,  7.5091e-02,
          4.7279e-02,  1.7202e-02, -9.6769e-02, -5.3954e-02,  6.0924e-03,
         -8.3307e-02,  8.6242e-02, -5.9327e-02, -5.2989e-02, -1.0303e-02,
         -4.3252e-02,  1.7285e-02, -9.5416e-02, -7.4829e-02,  1.6177e-03,
          1.3356e-02,  6.7953e-02,  9.7823e-02,  2.3232e-02,  3.6774e-02,
          3.9296e-02,  1.7816e-02,  4.6712e-02, -3.2190e-02, -5.4599e-02,
          1.4326e-02,  7.4195e-03, -1.0745e-02, -7.6955e-04,  1.0348e-01,
          5.0655e-02,  5.8836e-02, -9.1674e-02,  1.0847e-01, -9.1580e-02,
         -6.3138e-02, -2.6544e-02,  5.6792e-02,  4.3268e-02, -9.7459e-02,
         -6.0810e-02,  1.0441e-01,  7.3244e-03, -4.1916e-02, -2.0400e-02,
          8.4091e-02,  9.8526e-02, -5.0221e-02, -3.1367e-02,  5.2092e-03,
         -2.8838e-02,  6.6867e-02,  9.8053e-02, -5.1937e-03, -2.0571e-02,
          7.4407e-02,  3.3483e-02,  3.3650e-02, -8.2566e-02, -8.1320e-02,
          4.1154e-02, -6.2228e-02,  9.6238e-02, -3.1681e-04, -3.6053e-02,
          3.6287e-02,  2.1373e-02, -5.0493e-02, -7.9944e-02],
        [-2.4738e-03,  1.7073e-02,  8.1379e-02, -3.1357e-02,  9.7218e-02,
         -1.0126e-01, -1.0286e-01,  1.0410e-01,  9.8322e-02,  9.6065e-02,
          6.0839e-02, -7.8563e-02, -6.7237e-02, -4.8103e-02,  2.1321e-02,
         -1.0443e-01,  3.1721e-02,  1.0227e-01,  9.2023e-04,  4.3734e-02,
         -2.3759e-02, -8.1216e-02,  9.8575e-02,  1.0068e-01,  2.6336e-03,
          7.6568e-02,  7.9695e-02,  8.0995e-02, -7.6530e-02,  1.5751e-02,
         -1.3415e-02,  1.8939e-03, -5.0404e-02,  6.2123e-02,  5.4971e-02,
          1.9765e-02, -8.3892e-02, -2.2540e-02, -4.7285e-02, -3.4718e-02,
         -6.7665e-02, -1.0663e-01, -9.5740e-02, -1.4830e-02, -9.3344e-02,
         -6.5594e-02,  6.5650e-03, -1.0117e-01, -1.4165e-02, -4.9596e-02,
          5.9536e-02,  3.7095e-02, -3.7391e-04,  4.7390e-02,  9.7983e-02,
         -4.3259e-02,  7.0045e-02, -4.5117e-02, -6.7404e-02, -1.4007e-02,
          3.8086e-02,  5.8423e-02, -1.3460e-02, -2.5440e-02,  3.1506e-02,
         -1.5409e-02,  6.9937e-02,  2.8740e-02,  7.1181e-02, -4.5842e-02,
         -9.7020e-02,  1.0432e-01, -2.7525e-02, -6.7134e-02, -1.0053e-01,
         -8.5124e-02, -9.0045e-02,  4.9511e-02,  9.7314e-02,  1.9956e-02,
          6.6539e-02,  7.3957e-02,  7.8852e-02, -6.7400e-02]])), ('fc3.bias', tensor([-0.0507, -0.0940, -0.0717, -0.0651,  0.0255, -0.1064, -0.0207,  0.0133,
         0.0250, -0.0620]))])
Keys using keys() method: dict_keys([])
Keys using keys() method: dict_keys([])
